0.77
(288.00, 0.00)
(288.64, 0.77)
(289.28, 1.54)
(289.91, 2.31)
(290.55, 3.08)
(291.19, 3.85)
(291.83, 4.62)
(292.47, 5.39)
(293.11, 6.16)
(293.74, 6.93)
(294.38, 7.70)
(295.02, 8.47)
(295.66, 9.24)
(296.30, 10.01)
(296.94, 10.78)
(297.57, 11.55)
(298.21, 12.32)
(298.85, 13.09)
(299.49, 13.86)
(300.13, 14.63)
(300.77, 15.40)
(301.40, 16.17)
(302.04, 16.94)
(302.68, 17.70)
(303.32, 18.47)
(303.96, 19.24)
(304.60, 20.01)
(305.23, 20.78)
(305.87, 21.55)
(306.51, 22.32)
(307.15, 23.09)
(307.79, 23.86)
(308.43, 24.63)
(309.06, 25.40)
(309.70, 26.17)
(310.34, 26.94)
(310.98, 27.71)
(311.62, 28.48)
(312.26, 29.25)
(312.89, 30.02)
(313.53, 30.79)
(314.17, 31.56)
(314.81, 32.33)
(315.45, 33.10)
(316.09, 33.87)
(316.72, 34.64)
(317.36, 35.41)
(318.00, 36.18)
(318.64, 36.95)
(319.28, 37.72)
(319.92, 38.49)
(320.55, 39.26)
(321.19, 40.03)
(321.83, 40.80)
(322.47, 41.57)
(323.11, 42.34)
(323.75, 43.11)
(324.38, 43.88)
(325.02, 44.65)
(325.66, 45.42)
(326.30, 46.19)
(326.94, 46.96)
(327.57, 47.73)
(328.21, 48.50)
(328.85, 49.27)
(329.49, 50.04)
(330.13, 50.81)
(330.77, 51.58)
(331.40, 52.34)
(332.04, 53.11)
(332.68, 53.88)
(333.32, 54.65)
(333.96, 55.42)
(334.60, 56.19)
(335.23, 56.96)
(335.87, 57.73)
(336.51, 58.50)
(337.15, 59.27)
(337.79, 60.04)
(338.43, 60.81)
(339.06, 61.58)
(339.70, 62.35)
(340.34, 63.12)
(340.98, 63.89)
(341.62, 64.66)
(342.26, 65.43)
(342.89, 66.20)
(343.53, 66.97)
(344.17, 67.74)
(344.81, 68.51)
(345.45, 69.28)
(346.09, 70.05)
(346.72, 70.82)
(347.36, 71.59)
(348.00, 72.36)
(348.64, 73.13)
(349.28, 73.90)
(349.92, 74.67)
(350.55, 75.44)
(351.19, 76.21)
(351.83, 76.98)
(352.47, 77.75)
(353.11, 78.52)
(353.75, 79.29)
(354.38, 80.06)
(355.02, 80.83)
(355.66, 81.60)
(356.30, 82.37)
(356.94, 83.14)
(357.58, 83.91)
(358.21, 84.68)
(358.85, 85.45)
(359.49, 86.21)
(360.13, 86.98)
(360.77, 87.75)
(361.41, 88.52)
(362.04, 89.29)
(362.68, 90.06)
(363.32, 90.83)
(363.96, 91.60)
(364.60, 92.37)
(365.23, 93.14)
(365.87, 93.91)
(366.51, 94.68)
(367.15, 95.45)
(367.79, 96.22)
(368.43, 96.99)
(369.06, 97.76)
(369.70, 98.53)
(370.34, 99.30)
(370.98, 100.07)
(371.62, 100.84)
(372.26, 101.61)
(372.89, 102.38)
(373.53, 103.15)
(374.17, 103.92)
(374.81, 104.69)
(375.45, 105.46)
(376.09, 106.23)
(376.72, 107.00)
(377.36, 107.77)
(378.00, 108.54)
(378.64, 109.31)
(379.28, 110.08)
(379.92, 110.85)
(380.55, 111.62)
(381.19, 112.39)
(381.83, 113.16)
(382.47, 113.93)
(383.11, 114.70)
(383.75, 115.47)
(384.38, 116.24)
(385.02, 117.01)
(385.66, 117.78)
(386.30, 118.55)
(386.94, 119.32)
(387.58, 120.09)
(388.21, 120.85)
(388.85, 121.62)
(389.49, 122.39)
(390.13, 123.16)
(390.77, 123.93)
(391.41, 124.70)
(392.04, 125.47)
(392.68, 126.24)
(393.32, 127.01)
(393.96, 127.78)
(394.60, 128.55)
(395.24, 129.32)
(395.87, 130.09)
(396.51, 130.86)
(397.15, 131.63)
(397.79, 132.40)
(398.43, 133.17)
(399.07, 133.94)
(399.70, 134.71)
(400.34, 135.48)
(400.98, 136.25)
(401.62, 137.02)
(402.26, 137.79)
(402.90, 138.56)
(403.53, 139.33)
(404.17, 140.10)
(404.81, 140.87)
(405.45, 141.64)
(406.09, 142.41)
(406.72, 143.18)
(407.36, 143.95)
(408.00, 144.72)
(408.64, 145.49)
(409.28, 146.26)
(409.92, 147.03)
(410.55, 147.80)
(411.19, 148.57)
(411.83, 149.34)
(412.47, 150.11)
(413.11, 150.88)
(413.75, 151.65)
(414.38, 152.42)
(415.02, 153.19)
(415.66, 153.96)
(416.30, 154.72)
(416.94, 155.49)
(417.58, 156.26)
(418.21, 157.03)
(418.85, 157.80)
(419.49, 158.57)
(420.13, 159.34)
(420.77, 160.11)
(421.41, 160.88)
(422.04, 161.65)
(422.68, 162.42)
(423.32, 163.19)
(423.96, 163.96)
(424.60, 164.73)
(425.24, 165.50)
(425.87, 166.27)
(426.51, 167.04)
(427.15, 167.81)
(427.79, 168.58)
(428.43, 169.35)
(429.07, 170.12)
(429.70, 170.89)
(430.34, 171.66)
(430.98, 172.43)
(431.62, 173.20)
(432.26, 173.97)
(432.90, 174.74)
(433.53, 175.51)
(434.17, 176.28)
(434.81, 177.05)
(435.45, 177.82)
(436.09, 178.59)
(436.73, 179.36)
(437.36, 180.13)
(438.00, 180.90)
(438.64, 181.67)
(439.28, 182.44)
(439.92, 183.21)
(440.56, 183.98)
(441.19, 184.75)
(441.83, 185.52)
(442.47, 186.29)
(443.11, 187.06)
(443.75, 187.83)
(444.38, 188.60)
(445.02, 189.36)
(445.66, 190.13)
(446.30, 190.90)
(446.94, 191.67)
(447.58, 192.44)
(448.21, 193.21)
(448.85, 193.98)
(449.49, 194.75)
(450.13, 195.52)
(450.77, 196.29)
(451.41, 197.06)
(452.04, 197.83)
(452.68, 198.60)
(453.32, 199.37)
(453.96, 200.14)
(454.60, 200.91)
(455.24, 201.68)
(455.87, 202.45)
(456.51, 203.22)
(457.15, 203.99)
(457.79, 204.76)
(458.43, 205.53)
(459.07, 206.30)
(459.70, 207.07)
(460.34, 207.84)
(460.98, 208.61)
(461.62, 209.38)
(462.26, 210.15)
(462.90, 210.92)
(463.53, 211.69)
(464.17, 212.46)
(464.81, 213.23)
(465.45, 214.00)
(466.09, 214.77)
(466.73, 215.54)
(467.36, 216.31)
(468.00, 217.08)
(468.64, 217.85)
(469.28, 218.62)
(469.92, 219.39)
(470.56, 220.16)
(471.19, 220.93)
(471.83, 221.70)
(472.47, 222.47)
(473.11, 223.23)
(473.75, 224.00)
(474.39, 224.77)
(475.02, 225.54)
(475.66, 226.31)
(476.30, 227.08)
(476.94, 227.85)
(477.58, 228.62)
(478.22, 229.39)
(478.85, 230.16)
(479.49, 230.93)
(480.13, 231.70)
(480.77, 232.47)
(481.41, 233.24)
(482.04, 234.01)
(482.68, 234.78)
(483.32, 235.55)
(483.96, 236.32)
(484.60, 237.09)
(485.24, 237.86)
(485.87, 238.63)
(486.51, 239.40)
(487.15, 240.17)
(487.79, 240.94)
(488.43, 241.71)
(489.07, 242.48)
(489.70, 243.25)
(490.34, 244.02)
(490.98, 244.79)
(491.62, 245.56)
(492.26, 246.33)
(492.90, 247.10)
(493.53, 247.87)
(494.17, 248.64)
(494.81, 249.41)
(495.45, 250.18)
(496.09, 250.95)
(496.73, 251.72)
(497.36, 252.49)
(498.00, 253.26)
(498.64, 254.03)
(499.28, 254.80)
(499.92, 255.57)
(500.56, 256.34)
(501.19, 257.11)
(501.83, 257.87)
(502.47, 258.64)
(503.11, 259.41)
(503.75, 260.18)
(504.39, 260.95)
(505.02, 261.72)
(505.66, 262.49)
(506.30, 263.26)
(506.94, 264.03)
(507.58, 264.80)
(508.22, 265.57)
(508.85, 266.34)
(509.49, 267.11)
(510.13, 267.88)
(510.77, 268.65)
(511.41, 269.42)
(512.05, 270.19)
(512.68, 270.96)
(513.32, 271.73)
(513.96, 272.50)
(514.60, 273.27)
(515.24, 274.04)
(515.88, 274.81)
(516.51, 275.58)
(517.15, 276.35)
(517.79, 277.12)
(518.43, 277.89)
(519.07, 278.66)
(519.70, 279.43)
(520.34, 280.20)
(520.98, 280.97)
(521.62, 281.74)
(522.26, 282.51)
(522.90, 283.28)
(523.53, 284.05)
(524.17, 284.82)
(524.81, 285.59)
(525.45, 286.36)
(526.09, 287.13)
(526.73, 287.90)
(527.36, 288.67)
(528.00, 289.44)
(528.64, 290.21)
(529.28, 290.98)
(529.92, 291.74)
(530.56, 292.51)
(531.19, 293.28)
(531.83, 294.05)
(532.47, 294.82)
(533.11, 295.59)
(533.75, 296.36)
(534.39, 297.13)
(535.02, 297.90)
(535.66, 298.67)
(536.30, 299.44)
(536.94, 300.21)
(537.58, 300.98)
(538.22, 301.75)
(538.85, 302.52)
(539.49, 303.29)
(540.13, 304.06)
(540.77, 304.83)
(541.41, 305.60)
(542.05, 306.37)
(542.68, 307.14)
(543.32, 307.91)
(543.96, 308.68)
(544.60, 309.45)
(545.24, 310.22)
(545.88, 310.99)
(546.51, 311.76)
(547.15, 312.53)
(547.79, 313.30)
(548.43, 314.07)
(549.07, 314.84)
(549.71, 315.61)
(550.34, 316.38)
(550.98, 317.15)
(551.62, 317.92)
(552.26, 318.69)
(552.90, 319.46)
(553.54, 320.23)
(554.17, 321.00)
(554.81, 321.77)
(555.45, 322.54)
(556.09, 323.31)
(556.73, 324.08)
(557.36, 324.85)
(558.00, 325.62)
(558.64, 326.38)
(559.28, 327.15)
(559.92, 327.92)
(560.56, 328.69)
(561.19, 329.46)
(561.83, 330.23)
(562.47, 331.00)
(563.11, 331.77)
(563.75, 332.54)
(564.39, 333.31)
(565.02, 334.08)
(565.66, 334.85)
(566.30, 335.62)
(566.94, 336.39)
(567.58, 337.16)
(568.22, 337.93)
(568.85, 338.70)
(569.49, 339.47)
(570.13, 340.24)
(570.77, 341.01)
(571.41, 341.78)
(572.05, 342.55)
(572.68, 343.32)
(573.32, 344.09)
(573.96, 344.86)
(574.60, 345.63)
(575.24, 346.40)
(575.88, 347.17)
(576.51, 347.94)
(577.15, 348.71)
(577.79, 349.48)
(578.43, 350.25)
(579.07, 351.02)
(579.71, 351.79)
(580.34, 352.56)
(580.98, 353.33)
(581.62, 354.10)
(582.26, 354.87)
(582.90, 355.64)
(583.54, 356.41)
(584.17, 357.18)
(584.81, 357.95)
(585.45, 358.72)
(586.09, 359.49)
(586.73, 360.25)
(587.37, 361.02)
(588.00, 361.79)
(588.64, 362.56)
(589.28, 363.33)
(589.92, 364.10)
(590.56, 364.87)
(591.20, 365.64)
(591.83, 366.41)
(592.47, 367.18)
(593.11, 367.95)
(593.75, 368.72)
(594.39, 369.49)
(595.03, 370.26)
(595.66, 371.03)
(596.30, 371.80)
(596.94, 372.57)
(597.58, 373.34)
(598.22, 374.11)
(598.85, 374.88)
(599.49, 375.65)
(600.13, 376.42)
(600.77, 377.19)
(601.41, 377.96)
(602.05, 378.73)
(602.68, 379.50)
(603.32, 380.27)
(603.96, 381.04)
(604.60, 381.81)
(605.24, 382.58)
(605.88, 383.35)
(606.51, 384.12)
(607.15, 384.89)
(607.79, 385.66)
(608.43, 386.43)
(609.07, 387.20)
(609.71, 387.97)
(610.34, 388.74)
(610.98, 389.51)
(611.62, 390.28)
(612.26, 391.05)
(612.90, 391.82)
(613.54, 392.59)
(614.17, 393.36)
(614.81, 394.13)
(615.45, 394.89)
(616.09, 395.66)
(616.73, 396.43)
(617.37, 397.20)
(618.00, 397.97)
(618.64, 398.74)
(619.28, 399.51)
(619.92, 400.28)
(620.56, 401.05)
(621.20, 401.82)
(621.83, 402.59)
(622.47, 403.36)
(623.11, 404.13)
(623.75, 404.90)
(624.39, 405.67)
(625.03, 406.44)
(625.66, 407.21)
(626.30, 407.98)
(626.94, 408.75)
(627.58, 409.52)
(628.22, 410.29)
(628.86, 411.06)
(629.49, 411.83)
(630.13, 412.60)
(630.77, 413.37)
(631.41, 414.14)
(632.05, 414.91)
(632.69, 415.68)
(633.32, 416.45)
(633.96, 417.22)
(634.60, 417.99)
(635.24, 418.76)
(635.88, 419.53)
(636.51, 420.30)
(637.15, 421.07)
(637.79, 421.84)
(638.43, 422.61)
(639.07, 423.38)
(639.71, 424.15)
(640.34, 424.92)
(640.98, 425.69)
(641.62, 426.46)
(642.26, 427.23)
(642.90, 428.00)
(643.54, 428.76)
(644.17, 429.53)
(644.81, 430.30)
(645.45, 431.07)
(646.09, 431.84)
(646.73, 432.61)
(647.37, 433.38)
(648.00, 434.15)
(648.64, 434.92)
(649.28, 435.69)
(649.92, 436.46)
(650.56, 437.23)
(651.20, 438.00)
(651.83, 438.77)
(652.47, 439.54)
(653.11, 440.31)
(653.75, 441.08)
(654.39, 441.85)
(655.03, 442.62)
(655.66, 443.39)
(656.30, 444.16)
(656.94, 444.93)
(657.58, 445.70)
(658.22, 446.47)
(658.86, 447.24)
(659.49, 448.01)
(660.13, 448.78)
(660.77, 449.55)
(661.41, 450.32)
(662.05, 451.09)
(662.69, 451.86)
(663.32, 452.63)
(663.96, 453.40)
(664.60, 454.17)
(665.24, 454.94)
(665.88, 455.71)
(666.52, 456.48)
(667.15, 457.25)
(667.79, 458.02)
(668.43, 458.79)
(669.07, 459.56)
(669.71, 460.33)
(670.35, 461.10)
(670.98, 461.87)
(671.62, 462.64)
(672.26, 463.40)
(672.90, 464.17)
(673.54, 464.94)
(674.17, 465.71)
(674.81, 466.48)
(675.45, 467.25)
(676.09, 468.02)
(676.73, 468.79)
(677.37, 469.56)
(678.00, 470.33)
(678.64, 471.10)
(679.28, 471.87)
(679.92, 472.64)
(680.56, 473.41)
(681.20, 474.18)
(681.83, 474.95)
(682.47, 475.72)
(683.11, 476.49)
(683.75, 477.26)
(684.39, 478.03)
(685.03, 478.80)
(685.66, 479.57)
(686.30, 480.34)
(686.94, 481.11)
(687.58, 481.88)
(688.22, 482.65)
(688.86, 483.42)
(689.49, 484.19)
(690.13, 484.96)
(690.77, 485.73)
(691.41, 486.50)
(692.05, 487.27)
(692.69, 488.04)
(693.32, 488.81)
(693.96, 489.58)
(694.60, 490.35)
(695.24, 491.12)
(695.88, 491.89)
(696.52, 492.66)
(697.15, 493.43)
(697.79, 494.20)
(698.43, 494.97)
(699.07, 495.74)
(699.71, 496.51)
(700.35, 497.27)
(700.98, 498.04)
(701.62, 498.81)
(702.26, 499.58)
(702.90, 500.35)
(703.54, 501.12)
(704.18, 501.89)
(704.81, 502.66)
(705.45, 503.43)
(706.09, 504.20)
(706.73, 504.97)
(707.37, 505.74)
(708.01, 506.51)
(708.64, 507.28)
(709.28, 508.05)
(709.92, 508.82)
(710.56, 509.59)
(711.20, 510.36)
(711.83, 511.13)
(712.47, 511.90)
(713.11, 512.67)
(713.75, 513.44)
(714.39, 514.21)
(715.03, 514.98)
(715.66, 515.75)
(716.30, 516.52)
(716.94, 517.29)
(717.58, 518.06)
(718.22, 518.83)
(718.86, 519.60)
(719.49, 520.37)
(720.13, 521.14)
(720.77, 521.91)
(721.41, 522.68)
(722.05, 523.45)
(722.69, 524.22)
(723.32, 524.99)
(723.96, 525.76)
(724.60, 526.53)
(725.24, 527.30)
(725.88, 528.07)
(726.52, 528.84)
(727.15, 529.61)
(727.79, 530.38)
(728.43, 531.15)
(729.07, 531.91)
(729.71, 532.68)
(730.35, 533.45)
(730.98, 534.22)
(731.62, 534.99)
(732.26, 535.76)
(732.90, 536.53)
(733.54, 537.30)
(734.18, 538.07)
(734.81, 538.84)
(735.45, 539.61)
(736.09, 540.38)
(736.73, 541.15)
(737.37, 541.92)
(738.01, 542.69)
(738.64, 543.46)
(739.28, 544.23)
(739.92, 545.00)
(740.56, 545.77)
(741.20, 546.54)
(741.84, 547.31)
(742.47, 548.08)
(743.11, 548.85)
(743.75, 549.62)
(744.39, 550.39)
(745.03, 551.16)
(745.67, 551.93)
(746.30, 552.70)
(746.94, 553.47)
(747.58, 554.24)
(748.22, 555.01)
(748.86, 555.78)
(749.50, 556.55)
(750.13, 557.32)
(750.77, 558.09)
(751.41, 558.86)
(752.05, 559.63)
(752.69, 560.40)
(753.32, 561.17)
(753.96, 561.94)
(754.60, 562.71)
(755.24, 563.48)
(755.88, 564.25)
(756.52, 565.02)
(757.15, 565.79)
(757.79, 566.55)
(758.43, 567.32)
(759.07, 568.09)
(759.71, 568.86)
(760.35, 569.63)
(760.98, 570.40)
(761.62, 571.17)
(762.26, 571.94)
(762.90, 572.71)
(763.54, 573.48)
(764.18, 574.25)
(764.81, 575.02)
(765.45, 575.79)
(766.09, 576.56)
(766.73, 577.33)
(767.37, 578.10)
(768.01, 578.87)
(768.64, 579.64)
(769.28, 580.41)
(769.92, 581.18)
(770.56, 581.95)
(771.20, 582.72)
(771.84, 583.49)
(772.47, 584.26)
(773.11, 585.03)
(773.75, 585.80)
(774.39, 586.57)
(775.03, 587.34)
(775.67, 588.11)
(776.30, 588.88)
(776.94, 589.65)
(777.58, 590.42)
(778.22, 591.19)
(778.86, 591.96)
(779.50, 592.73)
(780.13, 593.50)
(780.77, 594.27)
(781.41, 595.04)
(782.05, 595.81)
(782.69, 596.58)
(783.33, 597.35)
(783.96, 598.12)
(784.60, 598.89)
(785.24, 599.66)
(785.88, 600.42)
(786.52, 601.19)
(787.16, 601.96)
(787.79, 602.73)
(788.43, 603.50)
(789.07, 604.27)
(789.71, 605.04)
(790.35, 605.81)
(790.98, 606.58)
(791.62, 607.35)
(792.26, 608.12)
(792.90, 608.89)
(793.54, 609.66)
(794.18, 610.43)
(794.81, 611.20)
(795.45, 611.97)
(796.09, 612.74)
(796.73, 613.51)
(797.37, 614.28)
(798.01, 615.05)
(798.64, 615.82)
(799.28, 616.59)
(799.92, 617.36)
(800.56, 618.13)
(801.20, 618.90)
(801.84, 619.67)
(802.47, 620.44)
(803.11, 621.21)
(803.75, 621.98)
(804.39, 622.75)
(805.03, 623.52)
(805.67, 624.29)
(806.30, 625.06)
(806.94, 625.83)
(807.58, 626.60)
(808.22, 627.37)
(808.86, 628.14)
(809.50, 628.91)
(810.13, 629.68)
(810.77, 630.45)
(811.41, 631.22)
(812.05, 631.99)
(812.69, 632.76)
(813.33, 633.53)
(813.96, 634.30)
(814.60, 635.06)
(815.24, 635.83)
(815.88, 636.60)
(816.52, 637.37)
(817.16, 638.14)
(817.79, 638.91)
(818.43, 639.68)
(819.07, 640.45)
(819.71, 641.22)
(820.35, 641.99)
(820.99, 642.76)
(821.62, 643.53)
(822.26, 644.30)
(822.90, 645.07)
(823.54, 645.84)
(824.18, 646.61)
(824.82, 647.38)
(825.45, 648.15)
(826.09, 648.92)
(826.73, 649.69)
(827.37, 650.46)
(828.01, 651.23)
(828.64, 652.00)
(829.28, 652.77)
(829.92, 653.54)
(830.56, 654.31)
(831.20, 655.08)
(831.84, 655.85)
(832.47, 656.62)
(833.11, 657.39)
(833.75, 658.16)
(834.39, 658.93)
(835.03, 659.70)
(835.67, 660.47)
(836.30, 661.24)
(836.94, 662.01)
(837.58, 662.78)
(838.22, 663.55)
(838.86, 664.32)
(839.50, 665.09)
(840.13, 665.86)
(840.77, 666.63)
(841.41, 667.40)
(842.05, 668.17)
(842.69, 668.93)
(843.33, 669.70)
(843.96, 670.47)
(844.60, 671.24)
(845.24, 672.01)
(845.88, 672.78)
(846.52, 673.55)
(847.16, 674.32)
(847.79, 675.09)
(848.43, 675.86)
(849.07, 676.63)
(849.71, 677.40)
(850.35, 678.17)
(850.99, 678.94)
(851.62, 679.71)
(852.26, 680.48)
(852.90, 681.25)
(853.54, 682.02)
(854.18, 682.79)
(854.82, 683.56)
(855.45, 684.33)
(856.09, 685.10)
(856.73, 685.87)
(857.37, 686.64)
(858.01, 687.41)
(858.65, 688.18)
(859.28, 688.95)
(859.92, 689.72)
(860.56, 690.49)
(861.20, 691.26)
(861.84, 692.03)
(862.48, 692.80)
(863.11, 693.57)
(863.75, 694.34)
(864.39, 695.11)
(865.03, 695.88)
(865.67, 696.65)
(866.30, 697.42)
(866.94, 698.19)
(867.58, 698.96)
(868.22, 699.73)
(868.86, 700.50)
(869.50, 701.27)
(870.13, 702.04)
(870.77, 702.81)
(871.41, 703.57)
(872.05, 704.34)
(872.69, 705.11)
(873.33, 705.88)
(873.96, 706.65)
(874.60, 707.42)
(875.24, 708.19)
(875.88, 708.96)
(876.52, 709.73)
(877.16, 710.50)
(877.79, 711.27)
(878.43, 712.04)
(879.07, 712.81)
(879.71, 713.58)
